1.000000000 0.000000000 0.000000000 0.000000000 0.000000000 1.000000000 0.000000000 0.000000000 0.000000000 0.000000000 1.000000000 0.000000000
0.999991596 -0.002397780 -0.003321700 -0.007289745 0.002390228 0.999994576 -0.002275400 -0.003442139 0.003327137 0.002267441 0.999991894 0.673301637
0.999976397 -0.001619293 -0.006679851 -0.031279430 0.001591514 0.999990046 -0.004161830 0.002358069 0.006686523 0.004151100 0.999969006 1.371816397
0.999943614 -0.001284590 -0.010538924 -0.046874169 0.001223866 0.999982655 -0.005766327 0.001761310 0.010546148 0.005753104 0.999927819 2.081995010
0.999881148 0.000076007 -0.015415792 -0.066258386 -0.000174506 0.999979556 -0.006388261 -0.004106328 0.015414992 0.006390192 0.999860764 2.809425831
0.999811113 -0.000765978 -0.019420758 -0.086395279 0.000638943 0.999978364 -0.006546583 -0.013815520 0.019425353 0.006532937 0.999789953 3.547315598
0.999711037 0.000787093 -0.024025554 -0.111460023 -0.000971070 0.999970317 -0.007646847 -0.021693781 0.024018820 0.007667968 0.999682128 4.303313732
0.999580145 0.003591981 -0.028750950 -0.144844323 -0.003839677 0.999955952 -0.008564661 -0.028482014 0.028718920 0.008671460 0.999549925 5.076560974
0.999438822 0.003960202 -0.033261161 -0.173704758 -0.004190216 0.999967754 -0.006848532 -0.037613813 0.033232968 0.006984060 0.999423206 5.865155220
0.999291420 0.003154773 -0.037505362 -0.211050004 -0.003319601 0.999985099 -0.004333309 -0.046130490 0.037491132 0.004454742 0.999287009 6.659466743
0.999161482 0.003015433 -0.040831827 -0.247105628 -0.003076692 0.999994218 -0.001437519 -0.058654204 0.040827256 0.001561941 0.999164999 7.465217113
0.999051630 0.004439671 -0.043314572 -0.290836126 -0.004540023 0.999987245 -0.002218730 -0.066293374 0.043304171 0.002413275 0.999059021 8.277094841
0.998952091 0.003765204 -0.045613032 -0.334907174 -0.003881776 0.999989450 -0.002467386 -0.072892316 0.045603260 0.002641860 0.998956144 9.107632637
0.998872101 0.001100838 -0.047468632 -0.368828118 -0.001243759 0.999994755 -0.002981426 -0.078868963 0.047465105 0.003037103 0.998868287 9.938408852
0.998774946 0.000772278 -0.049476784 -0.413817734 -0.000873932 0.999997556 -0.002032992 -0.087608635 0.049475092 0.002073741 0.998773217 10.778589249
0.998697340 -0.000911343 -0.051017821 -0.457413107 0.000786771 0.999996662 -0.002461765 -0.094325192 0.051019896 0.002418419 0.998694718 11.626375198
0.998601735 0.001622758 -0.052839234 -0.509575069 -0.001876572 0.999986947 -0.004754255 -0.109557472 0.052830830 0.004846764 0.998591721 12.489080429
0.998527527 0.002058445 -0.054207981 -0.564318538 -0.002474655 0.999967992 -0.007612028 -0.116124421 0.054190576 0.007734966 0.998500645 13.353695869
0.998439729 0.005753217 -0.055542853 -0.627338648 -0.006261212 0.999940097 -0.008976333 -0.135580599 0.055487886 0.009310093 0.998415947 14.212489128
0.998336315 0.006565649 -0.057283849 -0.667811036 -0.007076668 0.999936938 -0.008722535 -0.143285990 0.057222966 0.009113403 0.998319805 15.117709160
0.998260379 0.005556714 -0.058696762 -0.723883033 -0.005989451 0.999956131 -0.007199067 -0.157896906 0.058654185 0.007538104 0.998249888 16.005678177
0.998185098 0.006370645 -0.059883010 -0.785424113 -0.006707582 0.999962747 -0.005427246 -0.172553852 0.059846207 0.005819065 0.998190641 16.897974014
0.998128772 0.005747551 -0.060876384 -0.838191628 -0.006080263 0.999967575 -0.005281536 -0.188850939 0.060844056 0.005641797 0.998131335 17.817411423
0.998019874 0.005748678 -0.062635697 -0.893002629 -0.006154743 0.999961257 -0.006291951 -0.200919986 0.062597096 0.006664999 0.998016596 18.724269867
0.997967303 0.004084552 -0.063596725 -0.958027720 -0.004543671 0.999964654 -0.007076268 -0.214042068 0.063565575 0.007350847 0.997950613 19.632282257
0.997921765 0.004168315 -0.064302437 -1.016384125 -0.004506927 0.999976754 -0.005121770 -0.228095531 0.064279586 0.005400932 0.997917295 20.554460526
0.997913003 0.005160786 -0.064365789 -1.077325702 -0.005287925 0.999984384 -0.001805046 -0.238975763 0.064355470 0.002141641 0.997924745 21.483455658
0.997959375 0.006250447 -0.063545607 -1.139822245 -0.006164203 0.999979794 0.001553159 -0.245614395 0.063554026 -0.001158282 0.997977734 22.416908264
0.998075426 0.004999081 -0.061809532 -1.201792479 -0.004698793 0.999976456 0.005002671 -0.257686347 0.061833087 -0.004702613 0.998075426 23.350790024
0.998160005 0.004949945 -0.060432341 -1.261546969 -0.004602470 0.999972105 0.005887670 -0.264457792 0.060459800 -0.005598698 0.998154938 24.290441513
0.998245716 0.005238226 -0.058975354 -1.320607543 -0.005076384 0.999982953 0.002893722 -0.266832054 0.058989502 -0.002589264 0.998255253 25.217622757
0.998304725 0.006162988 -0.057876702 -1.381471872 -0.006272595 0.999978840 -0.001712315 -0.283924699 0.057864927 0.002072450 0.998322248 26.172740936
0.998387337 0.005324943 -0.056519061 -1.443007231 -0.005595916 0.999973595 -0.004637178 -0.292899579 0.056492873 0.004945976 0.998390734 27.111660004
0.998434186 0.003246560 -0.055844646 -1.491831303 -0.003459657 0.999987125 -0.003719637 -0.300763935 0.055831850 0.003907016 0.998432517 28.083175659
0.998444140 0.001689184 -0.055735379 -1.553767323 -0.001632575 0.999998093 0.001061179 -0.311436206 0.055737067 -0.000968535 0.998445034 29.051576614
0.998383760 -0.002338597 -0.056783501 -1.601175308 0.002599834 0.999986351 0.004527155 -0.321609706 0.056772139 -0.004667466 0.998376250 30.026248932
0.998291552 -0.009026126 -0.057727680 -1.653734207 0.009261640 0.999949813 0.003813488 -0.327757716 0.057690363 -0.004341626 0.998325109 30.992227554
0.998168588 -0.011933359 -0.059304636 -1.701524973 0.011962939 0.999928415 0.000143762 -0.338050187 0.059298676 -0.000852956 0.998239934 31.960992813
0.998087883 -0.011731377 -0.060687307 -1.764733434 0.011513291 0.999925971 -0.003942051 -0.345902562 0.060729060 0.003235803 0.998149037 32.938751221
0.997940958 -0.010538830 -0.063267790 -1.819084406 0.010272186 0.999936938 -0.004538342 -0.355969787 0.063311629 0.003879099 0.997986257 33.926170349
0.997916758 -0.010529435 -0.063649587 -1.885976315 0.010350456 0.999941528 -0.003141046 -0.369513094 0.063678935 0.002475700 0.997967362 34.908725739
0.997858465 -0.007163478 -0.065016538 -1.960132241 0.007151121 0.999974370 -0.000422771 -0.383317530 0.065017901 -0.000043076 0.997884095 35.911869049
0.997784436 -0.007384833 -0.066118561 -2.030332565 0.007463092 0.999971688 0.000936695 -0.394811153 0.066109769 -0.001428068 0.997811317 36.898365021
0.997713208 -0.005935450 -0.067328840 -2.100061417 0.006189246 0.999974489 0.003561530 -0.406615376 0.067305982 -0.003970100 0.997724473 37.911678314
0.997728825 -0.005380971 -0.067143030 -2.163718462 0.005827608 0.999962151 0.006457930 -0.416765451 0.067105740 -0.006834547 0.997722447 38.896442413
0.997698605 -0.000351597 -0.067803554 -2.241146326 0.000952582 0.999960542 0.008831500 -0.417867213 0.067797780 -0.008875764 0.997659624 39.905998230
0.997670591 -0.000150203 -0.068215415 -2.312337875 0.000711028 0.999966145 0.008197174 -0.424270928 0.068211876 -0.008226584 0.997636914 40.901493073
0.997691333 0.000201796 -0.067911789 -2.382561922 0.000232547 0.999979556 0.006387739 -0.431638896 0.067911692 -0.006388784 0.997670889 41.890548706
0.997689128 0.002768626 -0.067887865 -2.459284544 -0.002488608 0.999988019 0.004208944 -0.440023184 0.067898706 -0.004030271 0.997684062 42.881023407
0.997630477 0.002273161 -0.068762556 -2.530236483 -0.001993659 0.999989450 0.004133099 -0.447023213 0.068771228 -0.003986217 0.997624516 43.866344452
0.997544110 0.000311650 -0.070040040 -2.599823236 0.000071988 0.999985039 0.005474809 -0.456953555 0.070040695 -0.005466406 0.997529149 44.853210449
0.997496367 0.000933601 -0.070711851 -2.671821833 -0.000460480 0.999977410 0.006706838 -0.469122350 0.070716515 -0.006657485 0.997474253 45.829528809
0.997488678 0.003326983 -0.070747860 -2.753231049 -0.003100636 0.999989748 0.003308921 -0.483190417 0.070758142 -0.003081248 0.997488737 46.800041199
0.997387171 0.003879676 -0.072137609 -2.814094782 -0.003961194 0.999991655 -0.000987001 -0.492176771 0.072133183 0.001270174 0.997394204 47.774703979
0.997361660 0.004572925 -0.072448783 -2.894593716 -0.004784297 0.999984801 -0.002744263 -0.489056021 0.072435126 0.003083639 0.997368336 48.730396271
0.997342587 0.003377733 -0.072775707 -2.965440989 -0.003333569 0.999994159 0.000728308 -0.501937568 0.072777748 -0.000483770 0.997348070 49.717720032
0.997335017 0.001400927 -0.072944686 -3.031489611 -0.001104847 0.999991000 0.004099158 -0.516780496 0.072949767 -0.004007641 0.997327566 50.665412903
0.997326314 -0.000325651 -0.073076323 -3.103716373 0.000669601 0.999988794 0.004682284 -0.525598288 0.073073983 -0.004718697 0.997315347 51.621025085
0.997282803 -0.003892721 -0.073565222 -3.167572975 0.004161808 0.999985218 0.003504873 -0.537024796 0.073550493 -0.003801514 0.997284234 52.573143005
0.997248173 -0.006125342 -0.073881902 -3.236473322 0.006318528 0.999977231 0.002381341 -0.551438034 0.073865630 -0.002841612 0.997264147 53.520229340
0.997136235 -0.008340174 -0.075164631 -3.302246809 0.008641367 0.999955893 0.003682766 -0.564685285 0.075130597 -0.004321745 0.997164309 54.464996338
0.997057378 -0.010919843 -0.075876996 -3.377879143 0.011546222 0.999902725 0.007821419 -0.572293222 0.075784206 -0.008674497 0.997086525 55.413307190
0.997011662 -0.011678744 -0.076363310 -3.454180241 0.012690235 0.999837875 0.012773963 -0.577390432 0.076201752 -0.013704859 0.996998250 56.356163025
0.997003794 -0.009930798 -0.076712579 -3.536844730 0.011112276 0.999825895 0.014989889 -0.579546511 0.076550364 -0.015797427 0.996940553 57.298469543
0.996870518 -0.009073007 -0.078529581 -3.601182699 0.009975184 0.999888599 0.011103720 -0.586223066 0.078420088 -0.011852318 0.996849954 58.231060028
0.996806741 -0.007122498 -0.079533368 -3.684231997 0.007415751 0.999966741 0.003392401 -0.591676116 0.079506561 -0.003971368 0.996826410 59.138427734
0.996718585 -0.005787015 -0.080737308 -3.757184267 0.005683707 0.999982715 -0.001509326 -0.599790812 0.080744646 0.001045486 0.996734262 60.061759949
0.996659040 -0.000828794 -0.081670240 -3.841693640 0.000771240 0.999999404 -0.000736253 -0.611549675 0.081670806 0.000670806 0.996659160 60.959972382
0.996556699 0.001457558 -0.082901135 -3.920184374 -0.001312135 0.999997497 0.001808638 -0.628247499 0.082903564 -0.001693633 0.996556163 61.845882416
0.996479511 0.003788986 -0.083750896 -4.003339291 -0.003530984 0.999988556 0.003228487 -0.639455140 0.083762169 -0.002921398 0.996481478 62.740421295
0.996384323 0.004931310 -0.084817126 -4.083105087 -0.004682054 0.999984145 0.003137421 -0.653337955 0.084831253 -0.002728959 0.996391594 63.606834412
0.996240318 0.006441006 -0.086392768 -4.163297176 -0.006127174 0.999973655 0.003897296 -0.661064923 0.086415589 -0.003353300 0.996253550 64.446876526
0.996127725 0.007393499 -0.087606609 -4.243437290 -0.007018296 0.999964833 0.004590066 -0.676453650 0.087637462 -0.003957442 0.996144593 65.281417847
0.995998979 0.006872228 -0.089099839 -4.318431854 -0.006448932 0.999966502 0.005037815 -0.684393525 0.089131482 -0.004443060 0.996009946 66.108329773
0.995888889 0.006725983 -0.090333201 -4.393720627 -0.006205723 0.999962509 0.006038982 -0.692150950 0.090370432 -0.005453572 0.995893300 66.918632507
0.995729208 0.009605492 -0.091821209 -4.470645905 -0.008846774 0.999923289 0.008666453 -0.701252222 0.091897413 -0.007817119 0.995737791 67.714912415
0.995598257 0.011019819 -0.093073756 -4.553998470 -0.009854831 0.999867380 0.012967201 -0.707081020 0.093204305 -0.011992896 0.995574772 68.509414673
0.995399237 0.014092702 -0.094772398 -4.632255554 -0.012753516 0.999810278 0.014721473 -0.710679829 0.094961889 -0.013445061 0.995390117 69.281333923
0.995235324 0.017014993 -0.096006230 -4.713649273 -0.016091123 0.999816537 0.010389117 -0.714538932 0.096165381 -0.008794768 0.995326519 70.034294128
0.995118618 0.016913066 -0.097226046 -4.790827751 -0.016683444 0.999855757 0.003174260 -0.725673735 0.097265713 -0.001536700 0.995257258 70.748931885
0.994965076 0.016020386 -0.098933607 -4.857171059 -0.016353209 0.999863029 -0.002554042 -0.733752310 0.098879144 0.004159064 0.995090783 71.460739136
0.994921923 0.016554922 -0.099279113 -4.934487343 -0.017015921 0.999848008 -0.003798457 -0.738227844 0.099201143 0.005468493 0.995052397 72.155136108
0.994781911 0.019201985 -0.100201122 -5.006058693 -0.019302927 0.999813676 -0.000037868 -0.753206015 0.100181721 0.001971845 0.994967222 72.826896667
0.994673252 0.019989455 -0.101121441 -5.085483074 -0.019859672 0.999800146 0.002290085 -0.771117032 0.101147011 -0.000269648 0.994871438 73.480728149
0.994629323 0.016635142 -0.102155603 -5.150812149 -0.016818587 0.999858141 -0.000934624 -0.783405900 0.102125563 0.002647717 0.994767964 74.114776611
0.994721293 0.008533413 -0.102257967 -5.201261044 -0.009208185 0.999938846 -0.006128499 -0.796538651 0.102199413 0.007037759 0.994739056 74.721641541
0.994847715 0.004416575 -0.101284213 -5.256927013 -0.005540719 0.999926090 -0.010820280 -0.808405101 0.101228938 0.011325719 0.994798660 75.318092346
0.995137990 0.006748858 -0.098258972 -5.317956924 -0.007896705 0.999904990 -0.011297635 -0.817699015 0.098173395 0.012018627 0.995096743 75.900772095
0.995484173 0.011818812 -0.094188794 -5.376328468 -0.012637096 0.999887347 -0.008095958 -0.831967115 0.094082505 0.009249671 0.995521426 76.465415955
0.995913923 0.010187476 -0.089730948 -5.423267841 -0.010692672 0.999929547 -0.005151214 -0.841697693 0.089672148 0.006089629 0.995952725 77.019912720
0.996449530 0.006597606 -0.083933190 -5.457653046 -0.006667843 0.999977589 -0.000556521 -0.856941760 0.083927639 0.001114199 0.996471226 77.564651489
0.997131705 0.002127286 -0.075655811 -5.489221573 -0.001934167 0.999994695 0.002625780 -0.867901385 0.075660989 -0.002471918 0.997130513 78.094802856
0.997869968 0.005763593 -0.064979494 -5.522527218 -0.005614850 0.999981165 0.002471458 -0.878052056 0.064992517 -0.002101344 0.997883558 78.609489441
0.998696089 0.010934819 -0.049865726 -5.550059319 -0.010846142 0.999939084 0.002048586 -0.886817813 0.049885090 -0.001505064 0.998753846 79.112625122
0.999372721 0.016016927 -0.031585090 -5.569123745 -0.015941408 0.999869466 0.002641352 -0.891548932 0.031623270 -0.002136184 0.999497592 79.599548340
0.999849141 0.014503182 -0.009555164 -5.552997589 -0.014473479 0.999890208 0.003170383 -0.897797227 0.009600095 -0.003031608 0.999949336 80.080032349
0.999799609 0.010908228 0.016787222 -5.526727200 -0.010973986 0.999932468 0.003830034 -0.902241111 -0.016744310 -0.004013489 0.999851763 80.538513184
0.998878956 0.009904899 0.046288993 -5.484318256 -0.010170395 0.999933124 0.005503633 -0.911137164 -0.046231385 -0.005968241 0.998912930 80.996109009
0.996773362 0.009316592 0.079725303 -5.430980682 -0.009902105 0.999926805 0.006951915 -0.918503881 -0.079654694 -0.007718931 0.996792614 81.448669434
0.993083835 0.009564504 0.117016919 -5.353968143 -0.010532561 0.999915242 0.007657208 -0.925629854 -0.116933763 -0.008836738 0.993100405 81.872680664
0.987330079 0.009641018 0.158386886 -5.257978439 -0.010975059 0.999911249 0.007550140 -0.929649889 -0.158300042 -0.009192786 0.987348258 82.291931152
0.979034424 0.009107332 0.203491107 -5.141109467 -0.010817823 0.999914885 0.007294990 -0.934224248 -0.203407347 -0.009343376 0.979049623 82.715072632
0.967551112 0.011282387 0.252423435 -5.006774426 -0.013061022 0.999900281 0.005371707 -0.944275141 -0.252337664 -0.008494309 0.967601955 83.117149353
0.952142596 0.012259795 0.305408239 -4.857933521 -0.013734777 0.999902070 0.002681236 -0.956418216 -0.305345476 -0.006747634 0.952217758 83.486679077
0.932218671 0.013346666 0.361649334 -4.695429802 -0.014431042 0.999895811 0.000297556 -0.957332194 -0.361607701 -0.005496364 0.932314157 83.832992554
0.907953799 0.013768453 0.418844044 -4.490159035 -0.014459221 0.999894321 -0.001524895 -0.962979853 -0.418820769 -0.004671625 0.908056915 84.187835693
0.878746927 0.013862060 0.477086693 -4.275628567 -0.013789595 0.999898255 -0.003653603 -0.968328357 -0.477088779 -0.003368239 0.878848672 84.514755249
0.845196962 0.012673149 0.534304738 -4.034428596 -0.011148058 0.999919355 -0.006082340 -0.973549843 -0.534338713 -0.000815683 0.845270097 84.823852539
0.808337331 0.012766222 0.588581204 -3.773361206 -0.010230493 0.999918520 -0.007637846 -0.981998920 -0.588630736 0.000152481 0.808402061 85.109733582
0.768217504 0.011294449 0.640089273 -3.499399185 -0.009309582 0.999935746 -0.006470876 -0.993895173 -0.640121222 -0.000987923 0.768273294 85.383178711
0.725472450 0.011569426 0.688153923 -3.211009979 -0.011792351 0.999920905 -0.004379085 -1.000858784 -0.688150167 -0.004938047 0.725551486 85.626129150
0.679719627 0.010754310 0.733393252 -2.907527924 -0.011242106 0.999927819 -0.004243362 -1.007216692 -0.733385921 -0.005360587 0.679791451 85.860542297
0.633182108 0.009478828 0.773944795 -2.585609436 -0.007902594 0.999952078 -0.005781539 -1.014088154 -0.773962498 -0.002455405 0.633226633 86.063613892
0.586048126 0.006645294 0.810249031 -2.251356125 -0.002276004 0.999975920 -0.006555128 -1.025390863 -0.810273111 0.001997491 0.586049139 86.247406006
0.539764762 0.008857573 0.841769397 -1.909927368 -0.004241832 0.999960542 -0.007802176 -1.034974337 -0.841805279 0.000640697 0.539781094 86.416923523
0.492323995 0.011750362 0.870332658 -1.574825287 -0.007512076 0.999929011 -0.009250660 -1.042027116 -0.870379567 -0.001983683 0.492377341 86.571502686
0.446002185 0.014116419 0.894920647 -1.250972748 -0.009350045 0.999894559 -0.011112484 -1.057810783 -0.894983113 -0.003411353 0.446087122 86.709190369
0.403236747 0.011590733 0.915022373 -0.894737244 -0.002298911 0.999929428 -0.011653171 -1.065873384 -0.915092885 0.002595433 0.403234959 86.824157715
0.363777995 0.003334089 0.931479692 -0.523605347 0.012507337 0.999885976 -0.008463527 -1.079635382 -0.931401730 0.014729176 0.363694847 86.911750793
0.329064906 -0.000103249 0.944307387 -0.149284363 0.017134476 0.999836028 -0.005861571 -1.079635382 -0.944151938 0.018109048 0.329012752 86.994552612
0.294851959 0.004665284 0.955531657 0.220096588 0.014167394 0.999856830 -0.009253385 -1.082800388 -0.955438018 0.016265770 0.294743598 87.108200073
0.263656020 0.012345604 0.964537859 0.587108612 0.003375412 0.999900162 -0.013720894 -1.096136093 -0.964610994 0.006873311 0.263588011 87.204376221
0.235246181 0.016713776 0.971792221 0.972896576 -0.001096325 0.999856055 -0.016931055 -1.111051798 -0.971935332 0.002917568 0.235230625 87.289527893
0.209482133 0.018323055 0.977640867 1.364631653 0.000136259 0.999823868 -0.018768011 -1.125620842 -0.977812588 0.004064778 0.209442735 87.352035522
0.186196446 0.019675335 0.982315481 1.786582947 0.007174946 0.999745607 -0.021384452 -1.142343640 -0.982486308 0.011029770 0.186007917 87.409820557
0.165925860 0.026009541 0.985795140 2.199295044 0.014037966 0.999488533 -0.028733658 -1.142813206 -0.986038268 0.018606216 0.165475905 87.452667236
0.146150470 0.032864373 0.988716245 2.624855042 0.015974198 0.999239326 -0.035575431 -1.142813921 -0.989133298 0.020993313 0.145514309 87.500587463
0.128504038 0.033740345 0.991134942 3.064903259 0.013829637 0.999262929 -0.035810102 -1.155260682 -0.991612613 0.018308781 0.127942681 87.552673340
0.113086581 0.029272852 0.993153870 3.528121948 0.011797662 0.999455869 -0.030801957 -1.180461407 -0.993515134 0.015200182 0.112679660 87.604301453
0.098685861 0.026069770 0.994777203 4.001319885 0.011882196 0.999554634 -0.027373735 -1.201749563 -0.995047808 0.014521540 0.098332167 87.642959595
0.085468709 0.023733530 0.996058226 4.487419128 0.014783423 0.999575973 -0.025085874 -1.216977596 -0.996231258 0.016869210 0.085081637 87.675544739
0.073778868 0.022857837 0.997012675 4.984443665 0.018646579 0.999530911 -0.024295418 -1.232367754 -0.997100294 0.020383365 0.073318005 87.696746826
0.063669622 0.023399439 0.997696757 5.498062134 0.022200603 0.999444485 -0.024857199 -1.248344302 -0.997724175 0.023732118 0.063114762 87.720413208
0.055812120 0.023893002 0.998155534 6.025962830 0.024124168 0.999389529 -0.025271457 -1.264212132 -0.998149931 0.025490126 0.055201650 87.745407104
0.050370038 0.024425376 0.998431861 6.580062866 0.025567651 0.999341726 -0.025737500 -1.280774117 -0.998403311 0.026823958 0.049712360 87.766540527
0.044840336 0.025393434 0.998671412 7.141014099 0.026768863 0.999287367 -0.026611021 -1.297538638 -0.998635530 0.027926546 0.044128656 87.787200928
0.038624167 0.026066810 0.998913765 7.732704163 0.027121738 0.999264061 -0.027124643 -1.315462112 -0.998885691 0.028139943 0.037888765 87.811546326
0.034337223 0.026002966 0.999072015 8.335449219 0.029615350 0.999195993 -0.027024047 -1.334352732 -0.998971462 0.030515797 0.033539534 87.826614380
0.031399667 0.026238959 0.999162555 8.959678650 0.030980740 0.999149501 -0.027212223 -1.351237774 -0.999026775 0.031809252 0.030560076 87.842529297
0.028407633 0.025669793 0.999266982 9.594734192 0.031997606 0.999134541 -0.026576044 -1.373368382 -0.999084353 0.032729108 0.027561665 87.860717773
0.026243985 0.024942767 0.999344528 10.252822876 0.034650784 0.999065220 -0.025845779 -1.394535422 -0.999055028 0.035306364 0.025355220 87.866676331
0.025685608 0.024622664 0.999366879 10.927772522 0.039215334 0.998902321 -0.025619131 -1.415899038 -0.998900712 0.039848547 0.024691820 87.877288818
0.026739895 0.024276160 0.999347746 11.619567871 0.042857982 0.998758018 -0.025408609 -1.435818315 -0.998723388 0.043509450 0.025666237 87.891326904
0.028822184 0.024396831 0.999286950 12.331077576 0.043920338 0.998705745 -0.025649438 -1.456657410 -0.998619318 0.044628292 0.027713358 87.916030884
0.032494903 0.024402859 0.999174118 13.051765442 0.046658721 0.998574913 -0.025905663 -1.479459643 -0.998382390 0.047461987 0.031310022 87.943099976
0.037072062 0.023755690 0.999030292 13.790176392 0.047117136 0.998564005 -0.025493033 -1.502860904 -0.998201251 0.048016526 0.035899520 87.967712402
0.040811658 0.022220053 0.998919904 14.558662415 0.048462339 0.998531997 -0.024191404 -1.522932887 -0.997991025 0.049397282 0.039674938 88.001861572
0.044675410 0.020739248 0.998786390 15.323463440 0.047978912 0.998586237 -0.022881184 -1.544391990 -0.997848868 0.048942909 0.043617249 88.042907715
0.048913836 0.018253839 0.998636365 16.105537415 0.045297693 0.998763680 -0.020474890 -1.571801424 -0.997775495 0.046237424 0.048026562 88.089263916
0.052786827 0.017422309 0.998453915 16.914527893 0.044299494 0.998822629 -0.019770801 -1.591118574 -0.997622848 0.045274638 0.051952899 88.136383057
0.056694210 0.018401064 0.998222053 17.712844849 0.041395999 0.998926997 -0.020765157 -1.612982988 -0.997533083 0.042499665 0.055871665 88.194702148
0.059878588 0.022321684 0.997956157 18.521762848 0.039184488 0.998926818 -0.024694519 -1.644377708 -0.997436345 0.040583074 0.058939636 88.249183655
0.061235368 0.027756510 0.997737408 19.341125488 0.033293739 0.999000192 -0.029835023 -1.671342850 -0.997567952 0.035045367 0.060249984 88.312240601
0.060896397 0.030855928 0.997667134 20.150405884 0.030396700 0.999001145 -0.032752570 -1.699864626 -0.997681260 0.032320302 0.059897661 88.367736816
0.061218023 0.030458242 0.997659624 20.965332031 0.028143954 0.999084175 -0.032228693 -1.734168530 -0.997727573 0.030051062 0.060304761 88.419448853
0.061224461 0.028739339 0.997710168 21.802284241 0.025391793 0.999217033 -0.030340910 -1.766318202 -0.997801006 0.027191255 0.060446739 88.484069824
0.061064720 0.027496694 0.997754991 22.617454529 0.026394138 0.999226451 -0.029152624 -1.798004866 -0.997784793 0.028115081 0.060291767 88.534912109
0.061289907 0.026454799 0.997769415 23.433071136 0.024042122 0.999319494 -0.027972735 -1.839258552 -0.997830451 0.025702942 0.060612142 88.596389771
0.060993493 0.026853731 0.997776866 24.266387939 0.022089085 0.999356866 -0.028246548 -1.875478268 -0.997893691 0.023762833 0.060361087 88.663131714
0.061157227 0.027140867 0.997759104 25.081111908 0.019181002 0.999413669 -0.028361566 -1.912816286 -0.997943878 0.020872535 0.060600817 88.719223022
0.059796333 0.029063592 0.997787595 25.892974854 0.016835643 0.999404490 -0.030119639 -1.937769890 -0.998068810 0.018599441 0.059271395 88.780822754
0.057016671 0.028493904 0.997966588 26.707912445 0.013330072 0.999481797 -0.029298754 -1.977192402 -0.998284280 0.014973485 0.056607306 88.829643250
0.053009570 0.027413268 0.998217702 27.518947601 0.010960098 0.999546945 -0.028031800 -2.007293701 -0.998533845 0.012426520 0.052685142 88.882164001
0.048130691 0.024463657 0.998541534 28.313713074 0.008649965 0.999652326 -0.024907811 -2.048607111 -0.998803735 0.009836180 0.047902346 88.916961670
0.042163432 0.022743810 0.998851895 29.149028778 0.006421166 0.999714077 -0.023034493 -2.074052334 -0.999090135 0.007385008 0.042005360 88.959594727
0.034582555 0.023337983 0.999129415 29.954460144 0.006147719 0.999703407 -0.023564182 -2.101469278 -0.999383032 0.006957278 0.034428835 88.992507935
0.026318014 0.023973618 0.999366164 30.747131348 0.006265005 0.999688804 -0.024146346 -2.132541895 -0.999634027 0.006896519 0.026159644 89.003692627
0.016200244 0.023976123 0.999581277 31.552680969 0.006319085 0.999690056 -0.024081146 -2.169971943 -0.999848843 0.006706560 0.016043723 89.013916016
0.005891860 0.023258049 0.999712169 32.350688934 0.007807851 0.999697924 -0.023303734 -2.195722818 -0.999952197 0.007942907 0.005708516 89.016036987
-0.004599094 0.022103991 0.999745131 33.137847900 0.006584791 0.999734640 -0.022073470 -2.230068684 -0.999967754 0.006481595 -0.004743338 89.007141113
-0.015810966 0.021324320 0.999647737 33.936897278 0.008412474 0.999740005 -0.021193236 -2.256727934 -0.999839783 0.008074426 -0.015986323 88.993850708
-0.026775241 0.021808011 0.999403656 34.718616486 0.008595190 0.999730051 -0.021584861 -2.281448841 -0.999604642 0.008012125 -0.026955485 88.969360352
-0.037882447 0.022257123 0.999034345 35.481330872 0.008549733 0.999722540 -0.021948259 -2.313255310 -0.999245703 0.007710025 -0.038062215 88.939476013
-0.048617363 0.023610562 0.998538554 36.277778625 0.008589059 0.999693513 -0.023219688 -2.336850166 -0.998780727 0.007447630 -0.048805237 88.911987305
-0.058844686 0.024843238 0.997958124 37.050029755 0.009295571 0.999660611 -0.024337512 -2.361217976 -0.998224020 0.007844461 -0.059055567 88.859443665
-0.068397641 0.025858063 0.997323036 37.802932739 0.010350671 0.999628663 -0.025207981 -2.384179592 -0.997604489 0.008598797 -0.068639874 88.803955078
-0.077960134 0.025803478 0.996622562 38.562141418 0.010459227 0.999631166 -0.025063211 -2.426069736 -0.996901691 0.008469973 -0.078201175 88.744079590
-0.087491274 0.026160456 0.995821774 39.306705475 0.011217224 0.999617636 -0.025274647 -2.454564571 -0.996102154 0.008959044 -0.087751269 88.680618286
-0.096238971 0.025797995 0.995023966 40.037792206 0.012386187 0.999617696 -0.024719104 -2.480011702 -0.995281279 0.009945612 -0.096521616 88.606994629
-0.103074670 0.024715506 0.994366527 40.775596619 0.014524451 0.999622047 -0.023340551 -2.509297132 -0.994567573 0.012036810 -0.103394628 88.516815186
-0.108361483 0.023376564 0.993836820 41.491489410 0.017168725 0.999618411 -0.021640597 -2.533398628 -0.993963480 0.014717906 -0.108721495 88.439468384
-0.112168670 0.021532750 0.993456006 42.199142456 0.019982083 0.999611914 -0.019410057 -2.563333988 -0.993488371 0.017674120 -0.112555385 88.352172852
-0.114623666 0.020208679 0.993203402 42.909809113 0.021855529 0.999602377 -0.017816572 -2.589535713 -0.993168533 0.019664783 -0.115019798 88.263381958
-0.116545200 0.019373812 0.992996395 43.587715149 0.021896467 0.999616861 -0.016933054 -2.612586975 -0.992944002 0.019769646 -0.116924763 88.187187195
-0.117429376 0.019987207 0.992880166 44.254146576 0.022411991 0.999596119 -0.017471708 -2.634367943 -0.992828369 0.020200729 -0.117829919 88.111022949
-0.116227150 0.020995060 0.993000865 44.915359497 0.023379324 0.999557376 -0.018397223 -2.658449173 -0.992947578 0.021077430 -0.116666555 88.032440186
-0.113227010 0.022758184 0.993308544 45.546176910 0.025153628 0.999482870 -0.020032395 -2.676778078 -0.993250728 0.022717107 -0.113740802 87.964416504
-0.108309031 0.023164274 0.993847609 46.153770447 0.024455434 0.999487996 -0.020630607 -2.701511860 -0.993816674 0.022070494 -0.108820081 87.907386780
-0.100159645 0.023651872 0.994690239 46.758125305 0.023895465 0.999486268 -0.021359775 -2.731895924 -0.994684398 0.021629199 -0.100673318 87.844680786
-0.089127660 0.023390243 0.995745540 47.322937012 0.022562521 0.999515116 -0.021459254 -2.759390354 -0.995764613 0.020553919 -0.089612126 87.802894592
-0.075222731 0.023509955 0.996889710 47.893272400 0.021539381 0.999527097 -0.021946853 -2.784638882 -0.996934235 0.019821484 -0.075693488 87.764587402
-0.058334351 0.024700692 0.997991621 48.446117401 0.020426264 0.999514103 -0.023544431 -2.809224606 -0.998088241 0.019011794 -0.058810472 87.753738403
-0.037005901 0.027229715 0.998944044 48.950572968 0.018194217 0.999481380 -0.026570359 -2.833798409 -0.999149442 0.017191747 -0.037482142 87.750137329
-0.012363076 0.030078162 0.999471128 49.473564148 0.016414382 0.999418914 -0.029873554 -2.861123323 -0.999788880 0.016036374 -0.012849569 87.759338379
0.015885353 0.031693134 0.999371529 49.963512421 0.014156541 0.999390185 -0.031918757 -2.887093067 -0.999773681 0.014654686 0.015426993 87.785247803
0.049049079 0.031463291 0.998300731 50.476051331 0.011923041 0.999414027 -0.032084193 -2.903128624 -0.998725235 0.013476481 0.048645198 87.830528259
0.087547243 0.029073082 0.995736063 50.957473755 0.011258415 0.999481320 -0.030172301 -2.922434807 -0.996096790 0.013851912 0.087174475 87.883827209
0.129670084 0.025573956 0.991227329 51.504665375 0.009148321 0.999593914 -0.026986578 -2.943164587 -0.991514981 0.012567419 0.129383445 87.984664917
0.175379157 0.021261616 0.984271407 51.988471985 0.006403919 0.999720991 -0.022736412 -2.964836597 -0.984480202 0.010290688 0.175194085 88.094665527
0.223873973 0.018302117 0.974446297 52.472755432 0.001828151 0.999814034 -0.019198585 -2.980948925 -0.974616468 0.006079499 0.223798871 88.235549927
0.276037157 0.016407551 0.961006939 52.941059113 -0.002777499 0.999863744 -0.016273163 -3.005897522 -0.961143017 0.001822803 0.276045144 88.393493652
0.330650091 0.015576821 0.943624854 53.368385315 -0.003207291 0.999876559 -0.015381543 -3.023813725 -0.943747997 0.002059429 0.330659211 88.578872681
0.386072338 0.016174473 0.922326684 53.801559448 -0.000454199 0.999849498 -0.017343840 -3.036053658 -0.922468364 0.006277057 0.386021614 88.817459106
0.446944475 0.019295057 0.894353688 54.221000671 0.000284825 0.999764264 -0.021711560 -3.054346085 -0.894561708 0.009958598 0.446833611 89.051994324
0.507251143 0.022670412 0.861500084 54.622528076 0.001297268 0.999632716 -0.027069213 -3.070755482 -0.861797392 0.014848487 0.507035434 89.317443848
0.565814257 0.027957527 0.824058652 54.983261108 -0.002291746 0.999474466 -0.032335237 -3.069334745 -0.824529588 0.016407205 0.565580964 89.606201172
0.619043708 0.030191308 0.784776032 55.302646637 -0.006307118 0.999419689 -0.033473764 -3.088918209 -0.785331249 0.015772048 0.618874907 89.950637817
0.673152387 0.031243864 0.738843501 55.631824493 -0.008149059 0.999359846 -0.034835935 -3.105239868 -0.739458919 0.017429015 0.672976017 90.283966064
0.721426010 0.029006386 0.691883862 55.922523499 -0.008451818 0.999416769 -0.033086639 -3.125336885 -0.692440033 0.018021887 0.721250355 90.653770447
0.766807973 0.027249923 0.641297877 56.172401428 -0.011241457 0.999515355 -0.029029686 -3.128083944 -0.641778111 0.015051072 0.766742706 91.020355225
0.808075786 0.022644484 0.588643134 56.406539917 -0.011955147 0.999685466 -0.022045102 -3.137501240 -0.588957191 0.010776799 0.808092356 91.423477173
0.845021188 0.020778457 0.534328997 56.638523102 -0.014787313 0.999770641 -0.015492512 -3.144742250 -0.534528315 0.005190213 0.845134616 91.857887268
0.876407683 0.017100744 0.481266260 56.827602386 -0.015261400 0.999853611 -0.007735910 -3.156610727 -0.481328100 -0.000564984 0.876540363 92.298057556
0.902384818 0.016509412 0.430614740 57.007835388 -0.017396314 0.999846935 -0.001878043 -3.169826508 -0.430579811 -0.005796392 0.902533889 92.736152649
0.922784925 0.018571278 0.384867668 57.149421692 -0.020883309 0.999780238 0.001828172 -3.179083347 -0.384749144 -0.009724320 0.922969937 93.186370850
0.938315749 0.024556331 0.344906539 57.269561768 -0.027844036 0.999601781 0.004580796 -3.182374239 -0.344656706 -0.013901821 0.938625872 93.643821716
0.950223982 0.028843645 0.310229719 57.377727509 -0.031646188 0.999491096 0.004003487 -3.186937809 -0.309956372 -0.013621796 0.950653195 94.091079712
0.959682822 0.031714659 0.279290408 57.494529724 -0.034278229 0.999403059 0.004298392 -3.191054821 -0.278987378 -0.013698673 0.960197091 94.545288086
0.965905368 0.025313469 0.257654965 57.605865479 -0.027343703 0.999616861 0.004299004 -3.186142921 -0.257447422 -0.011197672 0.966227412 95.011024475
0.969989419 0.022544689 0.242099792 57.717590332 -0.024645807 0.999680281 0.005653417 -3.203119278 -0.241894931 -0.011450499 0.970234871 95.485671997
0.972806334 0.027389945 0.229994863 57.808227539 -0.029367253 0.999555290 0.005177879 -3.206088066 -0.229750752 -0.011791391 0.973178089 95.989006042
0.974984527 0.031582840 0.220017597 57.907119751 -0.033645093 0.999417961 0.005631308 -3.197588444 -0.219711676 -0.012892949 0.975479662 96.481124878
0.976123214 0.039664652 0.213565350 58.006263733 -0.041497085 0.999130189 0.004102323 -3.197499275 -0.213216886 -0.012866711 0.976920187 96.987571716
0.976400197 0.045299567 0.211164862 58.096366882 -0.046403416 0.998922765 0.000272481 -3.194711208 -0.210925043 -0.010064820 0.977450430 97.523292542
0.976444781 0.045796189 0.210851416 58.191165924 -0.046399690 0.998920798 -0.002086919 -3.200587988 -0.210719422 -0.007745677 0.977515876 98.053451538
0.975968182 0.044992194 0.213217795 58.313209534 -0.044854067 0.998978496 -0.005487774 -3.213813066 -0.213246897 -0.004207791 0.976989269 98.575874329
0.975300908 0.043635454 0.216527432 58.451118469 -0.042101540 0.999044895 -0.011694158 -3.223704576 -0.216830909 0.002289185 0.976206481 99.124946594
0.974351883 0.044085849 0.220669165 58.577617645 -0.041459810 0.999003589 -0.016520105 -3.225520611 -0.221177578 0.006947494 0.975208819 99.683174133
0.973125696 0.049341299 0.224926159 58.708972931 -0.047022481 0.998771131 -0.015657922 -3.244720936 -0.225422338 0.004660540 0.974250019 100.242111206
0.971600592 0.052168742 0.230804577 58.833274841 -0.050733741 0.998638272 -0.012152144 -3.249186277 -0.231124252 0.000097449 0.972924232 100.850097656
0.970605552 0.049190082 0.235595480 58.983089447 -0.048760679 0.998781204 -0.007651867 -3.258113384 -0.235684723 -0.004060850 0.971821070 101.448059082
0.969821632 0.044920918 0.239641666 59.133373260 -0.045769900 0.998949945 -0.002024323 -3.268477440 -0.239480972 -0.009005142 0.970859289 102.064132690
0.969065368 0.042223658 0.243165582 59.293972015 -0.044163521 0.999021113 0.002529192 -3.275492191 -0.242820755 -0.013190001 0.969981492 102.687011719
0.968520105 0.037535172 0.246089309 59.459365845 -0.039586805 0.999210358 0.003393420 -3.285634041 -0.245767608 -0.013028484 0.969241202 103.311576843
0.968561530 0.034101505 0.246425837 59.623241425 -0.035228986 0.999379277 0.000166803 -3.291230202 -0.246267170 -0.008842891 0.969161630 103.951972961
0.968705595 0.033518597 0.245939016 59.792259216 -0.032857422 0.999436975 -0.006792560 -3.298785210 -0.246028230 -0.001500931 0.969261527 104.601219177
0.968785882 0.036086023 0.245258406 59.954692841 -0.033800628 0.999337137 -0.013522595 -3.303426266 -0.245583817 0.004810612 0.969363451 105.262718201
0.969361722 0.039169241 0.242494524 60.112602234 -0.036113992 0.999202490 -0.017033305 -3.315364838 -0.242968321 0.007753989 0.970003247 105.922973633
0.969994664 0.037543278 0.240210027 60.279644012 -0.035540394 0.999287963 -0.012666219 -3.325871944 -0.240514517 0.003749006 0.970638275 106.619194031
0.970429003 0.033583540 0.239039034 60.447124481 -0.033332605 0.999431312 -0.005093381 -3.337231874 -0.239074156 -0.003025027 0.970996618 107.321708679
0.970974326 0.033820301 0.236780614 60.613239288 -0.035019476 0.999386251 0.000859304 -3.350935936 -0.236606240 -0.009126295 0.971562743 108.043052673
0.971335888 0.037582811 0.234721363 60.787269592 -0.038669486 0.999252081 0.000027093 -3.354767323 -0.234544799 -0.009102871 0.972062707 108.749885559
0.971600354 0.043331530 0.232626572 60.948909760 -0.043461625 0.999044657 -0.004568711 -3.361047268 -0.232602313 -0.005671368 0.972555399 109.483947754
0.972501159 0.043958414 0.228712067 61.113967896 -0.042848472 0.999033332 -0.009819045 -3.369723320 -0.228922606 -0.000250929 0.973444581 110.217895508
0.973489702 0.042595342 0.224729776 61.285423279 -0.040779755 0.999087214 -0.012716569 -3.380202293 -0.225066304 0.003215024 0.974338174 110.971755981
0.974462628 0.040129289 0.220934898 61.457420349 -0.038644116 0.999191999 -0.011042257 -3.394469261 -0.221199512 0.002222433 0.975226045 111.734550476
0.975370288 0.036255576 0.217573762 61.628738403 -0.035090201 0.999341607 -0.009218791 -3.401670218 -0.217764750 0.001357028 0.976000369 112.511657715
0.975775182 0.035420693 0.215889290 61.797996521 -0.034923043 0.999371290 -0.006120650 -3.422451496 -0.215970337 -0.001567132 0.976398647 113.290374756
0.976140141 0.032134298 0.214750454 61.971721649 -0.032013353 0.999479294 -0.004042116 -3.428617477 -0.214768514 -0.002929209 0.976660609 114.087966919
0.976329744 0.027544247 0.214526430 62.144065857 -0.027560696 0.999615908 -0.002914980 -3.438526154 -0.214524314 -0.003066516 0.976713836 114.875068665
0.976501167 0.027927518 0.213695019 62.321399689 -0.028330175 0.999597907 -0.001178509 -3.447319508 -0.213642001 -0.004903202 0.976899743 115.690345764
0.976262391 0.033049773 0.214054748 62.490028381 -0.033142425 0.999445677 -0.003156901 -3.453562021 -0.214040413 -0.004012330 0.976816535 116.495391846
0.975949764 0.039001565 0.214478418 62.656501770 -0.038464841 0.999237657 -0.006677041 -3.460979223 -0.214575320 -0.001733420 0.976705909 117.307373047
0.975387752 0.047574420 0.215303168 62.826522827 -0.046911292 0.998865485 -0.008191912 -3.473694086 -0.215448633 -0.002109859 0.976512909 118.141754150
0.974466980 0.053052757 0.218173221 62.999481201 -0.052730557 0.998582065 -0.007303127 -3.494637251 -0.218251318 -0.004387739 0.975882709 118.959320068
0.973581254 0.055630118 0.221460730 63.170917511 -0.055820510 0.998426199 -0.005403953 -3.507580519 -0.221412823 -0.007100864 0.975154340 119.797523499
0.973008156 0.056431722 0.223764464 63.362430573 -0.056433994 0.998385906 -0.006390193 -3.520919323 -0.223763898 -0.006410212 0.974622309 120.630599976
0.972698510 0.054798011 0.225509986 63.550117493 -0.054158568 0.998491526 -0.009025729 -3.534484148 -0.225664407 -0.003433984 0.974199057 121.461563110
0.972720921 0.048757333 0.226796687 63.752597809 -0.048275311 0.998804569 -0.007674903 -3.551268101 -0.226899773 -0.003483143 0.973911881 122.290153503
0.972944677 0.042369161 0.227119952 63.951519012 -0.041351445 0.999101937 -0.009239357 -3.568557739 -0.227307454 -0.000402355 0.973822951 123.125244141
0.972774148 0.041492846 0.228010431 64.148384094 -0.040454730 0.999138772 -0.009226739 -3.588995934 -0.228196904 -0.000248566 0.973614991 123.939041138
0.972213268 0.043582197 0.230004206 64.338401794 -0.043274779 0.999042809 -0.006383220 -3.601467609 -0.230062246 -0.003747530 0.973168731 124.778800964
0.971749961 0.045543365 0.231576756 64.525489807 -0.046653915 0.998910904 -0.000681519 -3.613205433 -0.231355578 -0.010141696 0.972816408 125.620376587
0.971361458 0.049092732 0.232479721 64.710098267 -0.051267907 0.998679399 0.003319724 -3.625758171 -0.232009739 -0.015143397 0.972595572 126.441062927
0.971152008 0.048133630 0.233552903 64.900398254 -0.048774682 0.998805225 -0.003033519 -3.638253450 -0.233419865 -0.008445458 0.972339392 127.259300232
0.971495092 0.044194609 0.232903779 65.104263306 -0.041323088 0.998997867 -0.017196553 -3.662246227 -0.233430371 0.007082062 0.972347736 128.052337646
